#   Counts
     185.0
     172.0
     186.0
     201.0
     213.0
     197.0
     190.0
     181.0
     184.0
     141.0
     143.0
     165.0
     153.0
     214.0
     204.0
     190.0
     186.0
     160.0
     161.0
     127.0
     107.0
     143.0
     155.0
     167.0
     162.0
     153.0
     169.0
     136.0
     169.0
     106.0
      81.0
     106.0
     102.0
     140.0
     129.0
     126.0
     121.0
     119.0
      90.0
      71.0
      39.0
      53.0
      61.0
      76.0
      66.0
      63.0
      69.0
      42.0
      41.0
      32.0
     167.0
     147.0
     135.0
     148.0
      85.0
     357.0
     238.0
     155.0
      71.0
      47.0
      36.0
      29.0
      39.0
      39.0
      29.0
      41.0
      40.0
      30.0
      38.0
      40.0
      44.0
      73.0
      63.0
      78.0
      71.0
      83.0
      69.0
      66.0
      69.0
      51.0
      41.0
      43.0
      46.0
      81.0
      70.0
      64.0
      84.0
      72.0
      71.0
      66.0
      35.0
      36.0
      40.0
      53.0
      58.0
      64.0
      67.0
      54.0
      59.0
      56.0
      11.0
      20.0
      13.0
      19.0
      20.0
      29.0
      27.0
      26.0
      33.0
      33.0
      39.0
      46.0
      49.0
      56.0
      66.0
      46.0
      51.0
      49.0
      53.0
      52.0
      89.0
     102.0
     123.0
     137.0
     149.0
     148.0
     146.0
     114.0
     130.0
      99.0
     101.0
     106.0
     111.0
     130.0
     158.0
     155.0
     162.0
     139.0
     127.0
     146.0
      55.0
      60.0
      77.0
      84.0
      93.0
     110.0
     113.0
     115.0
     129.0
     100.0
      33.0
      34.0
      29.0
      51.0
      46.0
      66.0
      52.0
      51.0
      44.0
      55.0
      37.0
      75.0
      89.0
      93.0
      42.0
     685.0
     886.0
     642.0
     232.0
      49.0
       5.0
       9.0
       9.0
       9.0
      19.0
      17.0
      14.0
      10.0
       4.0
       9.0
       3.0
      14.0
       5.0
      14.0
      20.0
      16.0
      12.0
       9.0
      11.0
       4.0
       9.0
       6.0
      10.0
      13.0
      13.0
      14.0
      11.0
       1.0
       3.0
       4.0
       7.0
       6.0
       5.0
       4.0
      21.0
      16.0
      10.0
       7.0
       7.0
       3.0
      47.0
      62.0
      73.0
     102.0
     104.0
      93.0
      99.0
      69.0
      71.0
      52.0
      17.0
      33.0
      35.0
      49.0
      71.0
      66.0
      46.0
      39.0
      17.0
      16.0
       6.0
       9.0
      11.0
      14.0
      27.0
      28.0
      16.0
       7.0
       6.0
       5.0
       4.0
       5.0
       3.0
       9.0
       7.0
      10.0
       7.0
       1.0
       3.0
       0.0
      48.0
      77.0
      74.0
      89.0
      96.0
     155.0
     169.0
     137.0
     127.0
     130.0
      24.0
      21.0
      21.0
      35.0
      42.0
      50.0
      75.0
      50.0
      73.0
      71.0
      62.0
      84.0
     113.0
     146.0
     138.0
     145.0
     145.0
     108.0
      96.0
      78.0
      39.0
      80.0
      65.0
     117.0
     138.0
     125.0
     106.0
      63.0
      57.0
      50.0
      30.0
      40.0
      39.0
      56.0
      67.0
      93.0
      53.0
      37.0
      21.0
      20.0
      31.0
      31.0
      46.0
      64.0
      77.0
      65.0
      56.0
      49.0
      33.0
      27.0
      22.0
      21.0
      40.0
      46.0
      52.0
      54.0
      44.0
      27.0
      18.0
      15.0
      14.0
      16.0
      19.0
      38.0
      64.0
      67.0
      35.0
      20.0
      22.0
      18.0
      70.0
      89.0
      87.0
     117.0
     133.0
     139.0
     184.0
     139.0
     161.0
     104.0
      60.0
      73.0
      67.0
      94.0
     127.0
     140.0
     165.0
     149.0
     125.0
      91.0
      30.0
      62.0
      51.0
      61.0
      73.0
     127.0
     129.0
      94.0
      79.0
      77.0
      21.0
      25.0
      18.0
      24.0
      46.0
      55.0
      42.0
      38.0
      36.0
      25.0
      17.0
      16.0
      25.0
      24.0
      31.0
      36.0
      29.0
      20.0
      19.0
      15.0
      25.0
      22.0
      26.0
      31.0
      50.0
      36.0
      20.0
      30.0
      25.0
      20.0
      16.0
      10.0
      18.0
      22.0
      30.0
      25.0
      31.0
      21.0
       9.0
      14.0
      10.0
      13.0
      28.0
      35.0
      57.0
      39.0
      32.0
      12.0
      22.0
      21.0
      14.0
      16.0
      18.0
      31.0
      33.0
      38.0
      38.0
      46.0
      50.0
      35.0
      18.0
      34.0
      26.0
      27.0
      39.0
      42.0
      52.0
      50.0
      47.0
      35.0
      16.0
      15.0
      21.0
      31.0
      33.0
      61.0
      46.0
      24.0
      20.0
      34.0
      20.0
      40.0
      35.0
      48.0
      79.0
      94.0
     111.0
      80.0
      60.0
      51.0
      30.0
      49.0
      47.0
      68.0
     125.0
     176.0
     150.0
     100.0
      61.0
      73.0
      54.0
      69.0
      87.0
     148.0
     260.0
     315.0
     231.0
     132.0
     152.0
     151.0
      33.0
      32.0
      43.0
      45.0
      57.0
      47.0
      60.0
      59.0
      70.0
      95.8
      51.0
      43.0
      52.0
      47.0
      64.0
      64.0
      87.0
      95.0
     119.7
     158.8
      39.0
      26.0
      35.0
      33.0
      28.0
      38.0
      35.0
      53.0
      58.1
      85.4
     300.0
     381.0
     401.0
     504.0
     579.0
     574.0
     691.0
     871.0
    1009.0
    1113.9
      43.0
      67.0
      69.0
      78.0
      83.0
      96.0
     124.0
     152.0
     196.0
     202.6
      20.0
      31.0
      26.0
      30.0
      28.0
      24.0
      31.0
      29.0
      23.0
      31.0
      22.0
      18.0
      20.0
      20.0
      26.0
      27.0
      26.0
      23.0
      14.0
      18.0
      22.0
      25.0
      33.0
      26.0
      27.0
      23.0
      25.0
      29.0
      22.0
      16.0
      22.0
      15.0
      18.0
      30.0
      23.0
      24.0
      34.0
      19.0
      17.0
      11.0
      13.0
       8.0
      12.0
      23.0
      20.0
      20.0
      17.0
      15.0
      11.0
       6.0
     171.0
     200.0
     194.0
     210.0
     217.0
     216.0
     238.0
     183.0
     184.0
     159.0
     158.0
     202.0
     184.0
     194.0
     174.0
     181.0
     194.0
     166.0
     161.0
     155.0
     138.0
     169.0
     136.0
     164.0
     149.0
     169.0
     145.0
     131.0
     115.0
      99.0
      91.0
      90.0
     102.0
     139.0
     145.0
     120.0
      96.0
     104.0
      92.0
      60.0
      22.0
      50.0
      41.0
      61.0
      64.0
      74.0
      58.0
      42.0
      41.0
      21.0
      25.0
      43.0
      36.0
      40.0
      34.0
      43.0
      44.0
      34.0
      31.0
      27.0
      43.0
      29.0
      37.0
      34.0
      44.0
      44.0
      33.0
      30.0
      29.0
      24.0
      33.0
      30.0
      40.0
      46.0
      62.0
      41.0
      40.0
      31.0
      32.0
      33.0
      35.0
      40.0
      46.0
      41.0
      51.0
      54.0
      42.0
      43.0
      30.0
      17.0
       9.0
      12.0
      20.0
      23.0
      23.0
      34.0
      20.0
      12.0
      12.0
      12.0
      74.0
      84.0
      94.0
     108.0
     106.0
     105.0
     115.0
     107.0
      93.0
      77.0
     170.0
     197.0
     218.0
     252.0
     234.0
     267.0
     270.0
     233.0
     220.0
     199.0
     145.0
     202.0
     196.0
     228.0
     250.0
     226.0
     242.0
     219.0
     231.0
     197.0
      92.0
     123.0
     117.0
     176.0
     183.0
     201.0
     211.0
     213.0
     226.0
     217.0
      49.0
      45.0
      47.0
      75.0
      73.0
      82.0
     102.0
      89.0
     106.0
      93.0
      17.0
      18.0
      16.0
      21.0
      22.0
      22.0
      24.0
      26.0
      21.0
      15.0
      39.0
      28.0
      55.0
      51.0
      46.0
      65.0
      62.0
      42.0
      35.0
      37.0
      31.0
      32.0
      37.0
      58.0
      50.0
      52.0
      47.0
      58.0
      69.0
      58.0
      31.0
      35.0
      43.0
      39.0
      42.0
      42.0
      53.0
      53.0
      51.0
      52.0
      18.0
      12.0
      12.0
      14.0
      11.0
      19.0
      33.0
      26.0
      30.0
      23.0
      13.0
      28.0
      29.0
      22.0
      32.0
      27.0
      29.0
      15.0
      23.0
      15.0
       7.0
      19.0
      20.0
      19.0
      27.0
      25.0
      13.0
      20.0
      13.0
       8.0
       8.0
      14.0
      11.0
      14.0
      20.0
      19.0
      10.0
       9.0
       9.0
       7.0
       8.0
      12.0
       9.0
      10.0
      20.0
      25.0
      13.0
       6.0
      10.0
       5.0
      37.0
      54.0
      57.0
      67.0
      90.0
      91.0
      64.0
      49.0
      54.0
      26.0
      21.0
      19.0
      31.0
      26.0
      45.0
      50.0
      34.0
      21.0
      19.0
      17.0
       3.0
      13.0
      10.0
       9.0
      13.0
      16.0
      15.0
       4.0
       6.0
       4.0
       1.0
       1.0
       1.0
       2.0
       3.0
       3.0
       3.0
       4.0
       2.0
       1.0
      21.0
      23.0
      28.0
      35.0
      49.0
      44.0
      44.0
      38.0
      28.0
       8.0
      12.0
       9.0
      17.0
      22.0
      37.0
      37.0
      19.0
      15.0
      15.0
       7.0
       4.0
       7.0
       6.0
       7.0
      11.0
      12.0
       9.0
       1.0
       2.0
       2.0
       1.0
       4.0
       4.0
       3.0
       8.0
      10.0
       7.0
       5.0
       2.0
       3.0
      52.0
      83.0
      64.0
     100.0
     112.0
     135.0
     166.0
     164.0
     145.0
     128.0
      32.0
      29.0
      35.0
      40.0
      29.0
      64.0
      61.0
      55.0
      69.0
      56.0
      26.0
      28.0
      21.0
      23.0
      30.0
      51.0
      35.0
      54.0
      57.0
      28.0
       9.0
       6.0
      16.0
       8.0
      12.0
      19.0
      28.0
      18.0
      25.0
       9.0
